====================================
 
 
used key for all of the data: [97, 110, 117, 100, 101, 101, 112]
 
 
====================================
Selected Mode : ECB
 
Cipher text in ASCII: 
[-60, 55, -113, 115, 79, 59, -17, -35, 119, 38, -126, -36, -73, 72, 109, 17, -127, 82, -71, 44, 127, 58, -93, -101, 11, -52, -14, -59, -17, 24, 61, -32, 22, -36, 83, 34, -83, -122, -105, -127, -69, -40, 84, -30, 83, -21, -34, 46, 96, -80, 83, -57, 34, -18, 10, -29, 28, -28, 7, -6, -76, -91, -29, 90, 80, -113, -98, -112, -86, 9, -42, -104, 124, 117, -70, 103, -96, 36, 54, -34, -110, -30, -119, 101, -127, -38, -49, 94, 46, 50, -68, -115, 40, 15, -41, -126, -9, 120, -30, -51, 31, 119, 40, -97, 45, 107, 12, 98, 101, -79, -14, -20, -71, -50, 38, -28, 12, 71, -11, 68, 66, -31, 85, -31, -36, 89, 102, 95, 18, -29, -128, 1, -28, -92, -26, -105, -12, 82, -23, 3, 25, 62, -37, 38, 93, -50, 117, 41, 63, 106, -54, -45, -102, 94, -101, 31, -45, -74, -51, -34, 95, -86, -112, 41, 13, 11, 15, -1, 7, 3, 113, 113, 9, 1, 26, -14, 103, -7, -117, 0, 14, 99, -91, -75, 96, -63, 65, 25, 41, -52, -13, -16, 36, 119, -55, -107, -61, -103, 13, 68, -51, 125, -8, 33, 109, 83, 0, 4, -40, -91, -41, -49, 75, -21, -20, 33, 31, 46, 113, 45, -88, 35, -1, -124, 90, -56, -60, 111, -94, -6, 2, -22, -86, 118, 96, 89, -33, 85, -99, -72, -78, -18, -59, 25, 125, 113, 67, -27, 49, 117, -59, -33, 87, -122, 106, -77, 50, -98, -105, 33, 100, 57, 33, 2, 119, -111, 46, -73, -120, -39, -72, 35, 61, -80, 78, -71, 51, 62, 57, 122, 87, 76, -9, 97, -60, -103, 71, 126, -55, -66, 54, -21, -68, -99, -82, 101, -8, 24, -80, -63, -122, 63, 13, -33, -88, -110, -121, -92, -114, -75, 68, 125, -28, -93, -6, -23, 121, 91, 63, 124, 97, -75, 54, -59, -26, -17, -118, -71, 40, 29, 9, -80, -16, 9, -118, 97, 110, -69, 123, -80, 84, 28, -10, -14, 66, 94, -124, -49, 66, -80, -101, 56, -100, -120, -75, 54, -91, 2, -113, 19, 84, -41, 105, -11, 2, 69, 63, 48, 44, -58, 104, 31, 117, -5, -121, 89, 38, 66, 90, -46, 41, -59, 119, -16, -124, -77, 120, 110, -17, 74, -103, 57, 90, 56, -109, 124, 79, -14, 75, -59, -79, 28, 108, 34, 113, 60, 76, 106, -59, -44, 83, -96, -108, 82, -37, 65, 43, -62, -79, 79, 70, 116, 66, -50, -91, 6, -125, 51, 111, -46, 8, -26, 59, -72, 87, -61, -50, -57, 71, -96, -50, 106, -99, -39, -76, -75, -96, 87, 16, -37, -100, -48, 36, -107, 76, -31, -67, -80, 47, -121, -22, -35, -58, -114, 87, 50, -36, -36, -32, 61, -109, 62, 84, 85, 113, 121, -21, -52, 78, 103, 41, 100, -25, 11, 62, 13, 72, 111, 124, -53, -127, 20, -68, 104, 10, 120, 3, 98, -123, -96, 19, 85, -111, 42, 16, 22, -44, 50, 103, -69, -114, 68, -65, 22, -45, 17, -25, 13, -14, 82, 65, -95, -124, 101, -46, -33, -92, 46, 72, -4, -11, 3, 75, -101, 50, -29, 41, -3, 28, -81, 35, 73, 73, 56, 65, -20, -57, 2, -84, -90, -91, -20, -29, 123, -26, 99, -59, 16, 32, 113, -66, -71, -68, -68, 60, 38, -111, 18, 123, -58, 77, -125, -50, 41, 98, -2, 1, -73, 118, 0, 12, -65, 3, 64, 97, -107, -103, -114, 114, 26, 27, 26, -67, 13, -121, 2, -127, 107, -128, -40, 18, -14, 84, 68, -84, -16, -34, 8, -16, 1, -66, -16, -59, -54, -126, 69, 94, 127, -65, 46, -33, 44, 102, 63, 27, -119, 9, 88, -108, -7, 53, -116, 84, 6, -123, 37, -98, 3, 99, 3, 49, -87, 53, 30, -57, 123, -98, -52, 91, 113, 30, -94, -126, -117, -39, -93, 100, -49, 115, 36, 92, 120, 10, -34, 64, 118, 88, -39, 92, 62, -68, -75, -118, 33, -108, -35, -19, -112, 45, -25, 89, 125, -22, -13, 39, 96, -59, 69, 33, 19, 62, -107, -102, -68, -3, 68, 35, 63, -76, 68, 48, 8, 14, -10, -108, 3, 28, -48, -87, 123, 12, 113, -57, -41, 68, 17, 3, 60, -98, 8, -20, -83, -125, -99, 91, -91, 20, -114, 10, -26, -76, -82, -121, 14, -13, 7, 17, -42, 55, 115, -95, -31, -27, 13, 125, 30, -50, 33, 118, 81, -107, -7, 7, 112, -106, -126, 68, -122, -50, 42, -31, 39, -86, 87, -1, 72, 82, 79, -98, 79, 105, -62, 32, 88, -95, 2, -57, 85, 71, 80, -113, 25, 115, 51, 81, -112, -73, 67, -5, -23, -90, -24, -82, -121, -66, 102, -103, 114, 25, 47, 51, -62, -106, -107, 125, -106, -22, 63, -36, 18, 74, -25, -67, 85, -4, -2, -100, 98, -48, 16, 119, -104, 123, -27, 93, -82, -34, -81, -8, -27, 33, 21, -45, -53, -2, 88, -78, 47, -28, 24, 36, 51, -25, -98, 71, -79, 58, -128, -39, -78, -19, 74, -39, 108, 63, -50, 116, -16, -78, 10, -88, -2, 61, -109, 37, -43, -67, -66, 88, 33, -90, -103, -114, 110, 57, -30, -49, 68, 40, -56, -53, 78, -42, 34, -34, 105, 62, 47, -76, -117, 62, -125, -95, 100, -39, 36, -49, 19, 122, -109, 93, 19, -98, 110, -25, 114, -19, -111, -119, -36, -102, 79, 43, -124, 19, 33, 63, -106, -100, 77, -92, 113, -90, 12, 42, -10, -119, 45, -4, -112, -47, -112, -1, -51, -71, -82, -43, -47, 77, 90, 63, 29, -31, -102, 1, -127, -95, 75, -31, -79, -71, 7, 112, 5, 52, -44, -117, 0, -60, -85, 77, 1, -62, 103, 123, 69, -120, -5, 46, -124, 29, -35, 3, 32, 68, 50, -117, -41, -19, -2, 78, 12, 110, 102, -39, 99, 41, -118, 51, 49, -115, 109, 81, 81, 122, -32, -16, 15, -84, -30, -28, 45, 85, 104, 91, -25, 46, 1, -91, -109, 41, -21, -33, -109, 50, -47, 39, 39, -71, -118, 117, -72, 113, 84, 104, -120, 37, 82, -97, -123, 77, -121, 82, -17, 74, -126, -93, 35, 3, -85, -109, 17, -63, 22, -124, 72, -58, -58, 127, -7, -19, -71, -98, -3, -118, -100, -126, -48, -60, -60, 13, 110, 85, 10, -12, 22, -107, -94, -68, 119, 117, 26, 1, 103, -96, 47, 112, -95, 119, 104, 35, 6, 5, -88, -105, 108, 22, -92, -38, 50, -32, 17, -128, -119, 48, -111, 34, -79, 30, 44, 2, -80, 51, -66, 59, -24, -118, 58, 73, 54, -88, -71, 58, -54, -67, 21, 85, 126, -49, -19, 82, 14, -68, -79, -86, -48, -43, 11, -7, -48, 59, -68, 100, 93, 83, -104, 14, -99, -8, -40, 101, -43, 3, -109, -21, -42, 104, -110, -68, -68, -97, 66, 48, -66, 122, 57, 76, 120, 70, 16, -75, -7, -101, -7, 69, -69, -69, 66, 56, -61, -28, -110, -9, 108, 23, -39, -29, -34, -99, 70, 91, -21, 57, -15, 95, -13, -32, -21, -65, -64, 99, -6, 52, 18, 101, -7, 38, 29, 10, -116, -43, -113, 102, -109, -39, 115, 82, 52, 47, 16, 104, 73, -23, 58, -43, 59, -80, 84, 117, 76, 124, -68, -105, -51, -109, -8, -42, 114, -57, 109, -126, 83, -3, -33, -96, -21, -105, 35, -65, -51, 40, -97, -122, -105, -104, -5, 16, 43, -20, -48, 69, 101, -111, -18, 82, 108, 124, -128, -96, 32, -123, -37, 24, -86, -97, 103, 31, 35, -77, -54, 13, 118, 63, -62, -77, 0, -105, 90, 3, -60, -70, 48, 97, 52, -87, 91, -90, -24, 13, -101, 3, -7, -21, 80, -106, -125, 126, 20, -79, -30, -32, -45, -18, 26, 117, -70, -95, -22, 123, -26, -31, -59, -2, 36, 109, 83, 73, -101, -16, -36, -40, -127, 78, -57, -57, 85, -36, 98, 91, -50, -32, -58, 106, 80, 115, 64, 32, 59, 67, -104, 125, 26, -88, -120, 50, 28, -37, -80, 98, -53, 75, -79, -78, -126, -66, -44, 43, -87, 14, -88, 23, 23, -10, 112, 19, 55, -34, 101, -83, 113, 46, -62, -8, -35, -112, 83, 2, 36, 14, 38, -76, -15, -113, -52, 127, 95, -31, 99, 96, -21, 106, -58, 110, -2, 47, -120, 45, 3, -17, -54, -78, -81, -85, 115, -28, 76, -12, -119, 40, 7, 97, -111, -53, 56, 61, -92, 62, -64, -98, 103, -111, -76, 92, -19, -124, 90, -25, 118, -56, -65, 24, -56, -16, 54, -8, 49, -126, -70, 64, -78, -84, -55, 50, 40, -105, -44, -26, 111, -104, -25, 45, 3, -19, -69, 112, -92, 120, -30, -37, 103, 41, -89, -66, 62, -110, 32, -120, -126, -44, -126, -12, 124, 25, -77, -95, 32, -10, 9, 107, -64, -40, -49, -84, 83, 74, 49, 76, -94, -40, -35, 115, -71, 3, 55, 72, -80, 77, -53, -116, -54, -86, -13, -118, -55, -70, 36, 85, 60, 61, -95, 35, 112, 124, 103, 8, -115, -83, -20, -123, 72, 42, -51, 46, -5, -8, -70, -60, 47, -106, 42, -16, 37, 35, 61, -62, -106, 28, -113, 27, 64, -16, 72, 8, 64, -87, 19, -115, 53, 32, 73, -27, -50, -109, 1, 101, 94, -40, 38, -51, 3, -113, -115, -115, -44, -97, -78, 91, 121, 80, -102, -62, -2, -80, 93, -72, -23, 86, 125, 40, -61, -21, -51, 80, -96, 3, 123, 98, -86, 17, -33, 41, -101, -80, -53, -21, -55, 44, 43, -121, -99, 104, -46, -104, 90, 109, -110, -28, 71, 54, 77, -38, 102, -122, 121, 58, 22, 93, 11, 121, -51, 53, -57, -24, -86, -8, -75, 24, 2, 18, -124, -102, 13, 82, 59, -48, -40, -10, 89, 91, -25, 95, -99, 68, -125, 77, -96, 59, -41, 73, 109, -79, -112, 38, 127, -82, -19, -71, 5, 13, -1, 125, -7, 94, 117, -91, 127, 90, -37, -30, -81, 3, -126, 124, -88, 8, 61, -78, 121, 4, -1, -128, 19, 119, 115, 10, -93, -73, -88, 81, -33, -83, 116, 88, -27, -48, -97, 82, -66, 83, 15, 60, 2, 3, 3, 26, -29, 12, -68, -95, 8, -110, 21, -23, 37, -122, -80, 126, -86, -39, 12, -34, -15, -66, -118, -34, -106, 82, -25, -104, -29, -42, -18, 34, -64, -91, -121, -29, 127, 50, -86, 20, 72, 42, 125, -57, 94, -12, 62, -104, -18, 8, 101, -59, 40, -105, -123, 15, 32, 100, -99, -17, 106, -107, -113, -5, -22, 125, -35, 90, -34, 74, 114, 88, 7, 34, 111, 92, 113, -39, -82, 62, 55, 45, -67, -32, 98, -84, 33, -40, 36, 126, -69, 35, 69, -42, 107, 112, -105, 3, 81, 86, -46, -4, 69, 92, 13, -118, -128, 31, -90, -41, -114, 58, -71, -109, 104, 60, -112, -71, -23, 86, 122, -72, 21, -7, 111, 57, 70, -67, 58, 63, 47, -73, -116, -58, 94, -88, 99, 44, -98, 31, 54, -20, 102, 57, -85, -11, 58, 83, -96, -104, 55, 103, -104, -18, -30, -106, -21, -47, 38, 71, -69, 60, 81, 5, -11, 51, -49, -63, -49, 102, 63, -4, -126, 120, 7, -103, -120, 3, -53, 63, 20, -61, 2, -6, 1, 24, 123, -15, -85, 10, -24, 26, 41, -79, 78, -51, -112, 1, -120, -45, -43, 33, -38, 101, -71, 52, -89, 26, -102, 44, -99, -28, -44, -6, 30, -69, 21, 34, -54, 114, -10, 1, 109, 124, 56, -110, -61, 10, 92, 57, -10, -125, 78, -112, -112, -109, -27, 109, 51, 8, -4, 20, 41, -2, -18, 42, 74, -73, -62, -75, 96, -10, 94, -26, -85, -34, 3, 114, 34, -17, 75, -86, -54, -79, 48, -76, 109, 85, 98, -41, 16, 85, 91, -103, 39, -51, -26, -58, 121, 98, 101, 17, -28, -90, -48, 87, -11, 26, 62, -106, -23, -23, 72, -37, 10, -21, 32, 33, -120, 93, 71, 17, 20, -35, -126, -127, 80, 58, -84, -14, 10, -89, 22, -82, 4, 34, 58, -45, 6, -125, 16, 47, -22, 24, -86, 8, 14, -65, 65, -40, -58, 2, 120, -123, 33, -33, -108, -50, 53, -30, 5, 45, 91, 29, -124, -89, 59, 85, 34, 57, -25, -111, -10, 48, 122, -110, 89, 118, -26, 89, -82, 99, -105, -32, -37, 40, 127, -122, -28, 46, -20, -47, 94, 43, 6, -90, -46, -67, 108, 70, -59, -89, 96, -75, 123, 87, -50, 106, -46, 99, 65, 119, -93, 40, 123, 104, -18, 118, 57, -68, 50, 62, -86, -118, 30, 30, -55, 38, -63, 68, -19]
 
 
IC value for the above cipher text: 0.003943090306188363
 
 
 
 
====================================
Selected Mode : CBC
 
Cipher text in ASCII: 
[102, -113, -48, -21, -5, -127, -37, 70, -35, -120, 106, -82, -43, -1, -48, 85, -127, 82, -71, 44, 127, 58, -93, -101, 11, -52, -14, -59, -17, 24, 61, -32, 22, -36, 83, 34, -83, -122, -105, -127, -69, -40, 84, -30, 83, -21, -34, 46, 96, -80, 83, -57, 34, -18, 10, -29, 28, -28, 7, -6, -76, -91, -29, 90, 80, -113, -98, -112, -86, 9, -42, -104, 124, 117, -70, 103, -96, 36, 54, -34, -110, -30, -119, 101, -127, -38, -49, 94, 46, 50, -68, -115, 40, 15, -41, -126, -9, 120, -30, -51, 31, 119, 40, -97, 45, 107, 12, 98, 101, -79, -14, -20, -71, -50, 38, -28, 12, 71, -11, 68, 66, -31, 85, -31, -36, 89, 102, 95, 18, -29, -128, 1, -28, -92, -26, -105, -12, 82, -23, 3, 25, 62, -37, 38, 93, -50, 117, 41, 63, 106, -54, -45, -102, 94, -101, 31, -45, -74, -51, -34, 95, -86, -112, 41, 13, 11, 15, -1, 7, 3, 113, 113, 9, 1, 26, -14, 103, -7, -117, 0, 14, 99, -91, -75, 96, -63, 65, 25, 41, -52, -13, -16, 36, 119, -55, -107, -61, -103, 13, 68, -51, 125, -8, 33, 109, 83, 0, 4, -40, -91, -41, -49, 75, -21, -20, 33, 31, 46, 113, 45, -88, 35, -1, -124, 90, -56, -60, 111, -94, -6, 2, -22, -86, 118, 96, 89, -33, 85, -99, -72, -78, -18, -59, 25, 125, 113, 67, -27, 49, 117, -59, -33, 87, -122, 106, -77, 50, -98, -105, 33, 100, 57, 33, 2, 119, -111, 46, -73, -120, -39, -72, 35, 61, -80, 78, -71, 51, 62, 57, 122, 87, 76, -9, 97, -60, -103, 71, 126, -55, -66, 54, -21, -68, -99, -82, 101, -8, 24, -80, -63, -122, 63, 13, -33, -88, -110, -121, -92, -114, -75, 68, 125, -28, -93, -6, -23, 121, 91, 63, 124, 97, -75, 54, -59, -26, -17, -118, -71, 40, 29, 9, -80, -16, 9, -118, 97, 110, -69, 123, -80, 84, 28, -10, -14, 66, 94, -124, -49, 66, -80, -101, 56, -100, -120, -75, 54, -91, 2, -113, 19, 84, -41, 105, -11, 2, 69, 63, 48, 44, -58, 104, 31, 117, -5, -121, 89, 38, 66, 90, -46, 41, -59, 119, -16, -124, -77, 120, 110, -17, 74, -103, 57, 90, 56, -109, 124, 79, -14, 75, -59, -79, 28, 108, 34, 113, 60, 76, 106, -59, -44, 83, -96, -108, 82, -37, 65, 43, -62, -79, 79, 70, 116, 66, -50, -91, 6, -125, 51, 111, -46, 8, -26, 59, -72, 87, -61, -50, -57, 71, -96, -50, 106, -99, -39, -76, -75, -96, 87, 16, -37, -100, -48, 36, -107, 76, -31, -67, -80, 47, -121, -22, -35, -58, -114, 87, 50, -36, -36, -32, 61, -109, 62, 84, 85, 113, 121, -21, -52, 78, 103, 41, 100, -25, 11, 62, 13, 72, 111, 124, -53, -127, 20, -68, 104, 10, 120, 3, 98, -123, -96, 19, 85, -111, 42, 16, 22, -44, 50, 103, -69, -114, 68, -65, 22, -45, 17, -25, 13, -14, 82, 65, -95, -124, 101, -46, -33, -92, 46, 72, -4, -11, 3, 75, -101, 50, -29, 41, -3, 28, -81, 35, 73, 73, 56, 65, -20, -57, 2, -84, -90, -91, -20, -29, 123, -26, 99, -59, 16, 32, 113, -66, -71, -68, -68, 60, 38, -111, 18, 123, -58, 77, -125, -50, 41, 98, -2, 1, -73, 118, 0, 12, -65, 3, 64, 97, -107, -103, -114, 114, 26, 27, 26, -67, 13, -121, 2, -127, 107, -128, -40, 18, -14, 84, 68, -84, -16, -34, 8, -16, 1, -66, -16, -59, -54, -126, 69, 94, 127, -65, 46, -33, 44, 102, 63, 27, -119, 9, 88, -108, -7, 53, -116, 84, 6, -123, 37, -98, 3, 99, 3, 49, -87, 53, 30, -57, 123, -98, -52, 91, 113, 30, -94, -126, -117, -39, -93, 100, -49, 115, 36, 92, 120, 10, -34, 64, 118, 88, -39, 92, 62, -68, -75, -118, 33, -108, -35, -19, -112, 45, -25, 89, 125, -22, -13, 39, 96, -59, 69, 33, 19, 62, -107, -102, -68, -3, 68, 35, 63, -76, 68, 48, 8, 14, -10, -108, 3, 28, -48, -87, 123, 12, 113, -57, -41, 68, 17, 3, 60, -98, 8, -20, -83, -125, -99, 91, -91, 20, -114, 10, -26, -76, -82, -121, 14, -13, 7, 17, -42, 55, 115, -95, -31, -27, 13, 125, 30, -50, 33, 118, 81, -107, -7, 7, 112, -106, -126, 68, -122, -50, 42, -31, 39, -86, 87, -1, 72, 82, 79, -98, 79, 105, -62, 32, 88, -95, 2, -57, 85, 71, 80, -113, 25, 115, 51, 81, -112, -73, 67, -5, -23, -90, -24, -82, -121, -66, 102, -103, 114, 25, 47, 51, -62, -106, -107, 125, -106, -22, 63, -36, 18, 74, -25, -67, 85, -4, -2, -100, 98, -48, 16, 119, -104, 123, -27, 93, -82, -34, -81, -8, -27, 33, 21, -45, -53, -2, 88, -78, 47, -28, 24, 36, 51, -25, -98, 71, -79, 58, -128, -39, -78, -19, 74, -39, 108, 63, -50, 116, -16, -78, 10, -88, -2, 61, -109, 37, -43, -67, -66, 88, 33, -90, -103, -114, 110, 57, -30, -49, 68, 40, -56, -53, 78, -42, 34, -34, 105, 62, 47, -76, -117, 62, -125, -95, 100, -39, 36, -49, 19, 122, -109, 93, 19, -98, 110, -25, 114, -19, -111, -119, -36, -102, 79, 43, -124, 19, 33, 63, -106, -100, 77, -92, 113, -90, 12, 42, -10, -119, 45, -4, -112, -47, -112, -1, -51, -71, -82, -43, -47, 77, 90, 63, 29, -31, -102, 1, -127, -95, 75, -31, -79, -71, 7, 112, 5, 52, -44, -117, 0, -60, -85, 77, 1, -62, 103, 123, 69, -120, -5, 46, -124, 29, -35, 3, 32, 68, 50, -117, -41, -19, -2, 78, 12, 110, 102, -39, 99, 41, -118, 51, 49, -115, 109, 81, 81, 122, -32, -16, 15, -84, -30, -28, 45, 85, 104, 91, -25, 46, 1, -91, -109, 41, -21, -33, -109, 50, -47, 39, 39, -71, -118, 117, -72, 113, 84, 104, -120, 37, 82, -97, -123, 77, -121, 82, -17, 74, -126, -93, 35, 3, -85, -109, 17, -63, 22, -124, 72, -58, -58, 127, -7, -19, -71, -98, -3, -118, -100, -126, -48, -60, -60, 13, 110, 85, 10, -12, 22, -107, -94, -68, 119, 117, 26, 1, 103, -96, 47, 112, -95, 119, 104, 35, 6, 5, -88, -105, 108, 22, -92, -38, 50, -32, 17, -128, -119, 48, -111, 34, -79, 30, 44, 2, -80, 51, -66, 59, -24, -118, 58, 73, 54, -88, -71, 58, -54, -67, 21, 85, 126, -49, -19, 82, 14, -68, -79, -86, -48, -43, 11, -7, -48, 59, -68, 100, 93, 83, -104, 14, -99, -8, -40, 101, -43, 3, -109, -21, -42, 104, -110, -68, -68, -97, 66, 48, -66, 122, 57, 76, 120, 70, 16, -75, -7, -101, -7, 69, -69, -69, 66, 56, -61, -28, -110, -9, 108, 23, -39, -29, -34, -99, 70, 91, -21, 57, -15, 95, -13, -32, -21, -65, -64, 99, -6, 52, 18, 101, -7, 38, 29, 10, -116, -43, -113, 102, -109, -39, 115, 82, 52, 47, 16, 104, 73, -23, 58, -43, 59, -80, 84, 117, 76, 124, -68, -105, -51, -109, -8, -42, 114, -57, 109, -126, 83, -3, -33, -96, -21, -105, 35, -65, -51, 40, -97, -122, -105, -104, -5, 16, 43, -20, -48, 69, 101, -111, -18, 82, 108, 124, -128, -96, 32, -123, -37, 24, -86, -97, 103, 31, 35, -77, -54, 13, 118, 63, -62, -77, 0, -105, 90, 3, -60, -70, 48, 97, 52, -87, 91, -90, -24, 13, -101, 3, -7, -21, 80, -106, -125, 126, 20, -79, -30, -32, -45, -18, 26, 117, -70, -95, -22, 123, -26, -31, -59, -2, 36, 109, 83, 73, -101, -16, -36, -40, -127, 78, -57, -57, 85, -36, 98, 91, -50, -32, -58, 106, 80, 115, 64, 32, 59, 67, -104, 125, 26, -88, -120, 50, 28, -37, -80, 98, -53, 75, -79, -78, -126, -66, -44, 43, -87, 14, -88, 23, 23, -10, 112, 19, 55, -34, 101, -83, 113, 46, -62, -8, -35, -112, 83, 2, 36, 14, 38, -76, -15, -113, -52, 127, 95, -31, 99, 96, -21, 106, -58, 110, -2, 47, -120, 45, 3, -17, -54, -78, -81, -85, 115, -28, 76, -12, -119, 40, 7, 97, -111, -53, 56, 61, -92, 62, -64, -98, 103, -111, -76, 92, -19, -124, 90, -25, 118, -56, -65, 24, -56, -16, 54, -8, 49, -126, -70, 64, -78, -84, -55, 50, 40, -105, -44, -26, 111, -104, -25, 45, 3, -19, -69, 112, -92, 120, -30, -37, 103, 41, -89, -66, 62, -110, 32, -120, -126, -44, -126, -12, 124, 25, -77, -95, 32, -10, 9, 107, -64, -40, -49, -84, 83, 74, 49, 76, -94, -40, -35, 115, -71, 3, 55, 72, -80, 77, -53, -116, -54, -86, -13, -118, -55, -70, 36, 85, 60, 61, -95, 35, 112, 124, 103, 8, -115, -83, -20, -123, 72, 42, -51, 46, -5, -8, -70, -60, 47, -106, 42, -16, 37, 35, 61, -62, -106, 28, -113, 27, 64, -16, 72, 8, 64, -87, 19, -115, 53, 32, 73, -27, -50, -109, 1, 101, 94, -40, 38, -51, 3, -113, -115, -115, -44, -97, -78, 91, 121, 80, -102, -62, -2, -80, 93, -72, -23, 86, 125, 40, -61, -21, -51, 80, -96, 3, 123, 98, -86, 17, -33, 41, -101, -80, -53, -21, -55, 44, 43, -121, -99, 104, -46, -104, 90, 109, -110, -28, 71, 54, 77, -38, 102, -122, 121, 58, 22, 93, 11, 121, -51, 53, -57, -24, -86, -8, -75, 24, 2, 18, -124, -102, 13, 82, 59, -48, -40, -10, 89, 91, -25, 95, -99, 68, -125, 77, -96, 59, -41, 73, 109, -79, -112, 38, 127, -82, -19, -71, 5, 13, -1, 125, -7, 94, 117, -91, 127, 90, -37, -30, -81, 3, -126, 124, -88, 8, 61, -78, 121, 4, -1, -128, 19, 119, 115, 10, -93, -73, -88, 81, -33, -83, 116, 88, -27, -48, -97, 82, -66, 83, 15, 60, 2, 3, 3, 26, -29, 12, -68, -95, 8, -110, 21, -23, 37, -122, -80, 126, -86, -39, 12, -34, -15, -66, -118, -34, -106, 82, -25, -104, -29, -42, -18, 34, -64, -91, -121, -29, 127, 50, -86, 20, 72, 42, 125, -57, 94, -12, 62, -104, -18, 8, 101, -59, 40, -105, -123, 15, 32, 100, -99, -17, 106, -107, -113, -5, -22, 125, -35, 90, -34, 74, 114, 88, 7, 34, 111, 92, 113, -39, -82, 62, 55, 45, -67, -32, 98, -84, 33, -40, 36, 126, -69, 35, 69, -42, 107, 112, -105, 3, 81, 86, -46, -4, 69, 92, 13, -118, -128, 31, -90, -41, -114, 58, -71, -109, 104, 60, -112, -71, -23, 86, 122, -72, 21, -7, 111, 57, 70, -67, 58, 63, 47, -73, -116, -58, 94, -88, 99, 44, -98, 31, 54, -20, 102, 57, -85, -11, 58, 83, -96, -104, 55, 103, -104, -18, -30, -106, -21, -47, 38, 71, -69, 60, 81, 5, -11, 51, -49, -63, -49, 102, 63, -4, -126, 120, 7, -103, -120, 3, -53, 63, 20, -61, 2, -6, 1, 24, 123, -15, -85, 10, -24, 26, 41, -79, 78, -51, -112, 1, -120, -45, -43, 33, -38, 101, -71, 52, -89, 26, -102, 44, -99, -28, -44, -6, 30, -69, 21, 34, -54, 114, -10, 1, 109, 124, 56, -110, -61, 10, 92, 57, -10, -125, 78, -112, -112, -109, -27, 109, 51, 8, -4, 20, 41, -2, -18, 42, 74, -73, -62, -75, 96, -10, 94, -26, -85, -34, 3, 114, 34, -17, 75, -86, -54, -79, 48, -76, 109, 85, 98, -41, 16, 85, 91, -103, 39, -51, -26, -58, 121, 98, 101, 17, -28, -90, -48, 87, -11, 26, 62, -106, -23, -23, 72, -37, 10, -21, 32, 33, -120, 93, 71, 17, 20, -35, -126, -127, 80, 58, -84, -14, 10, -89, 22, -82, 4, 34, 58, -45, 6, -125, 16, 47, -22, 24, -86, 8, 14, -65, 65, -40, -58, 2, 120, -123, 33, -33, -108, -50, 53, -30, 5, 45, 91, 29, -124, -89, 59, 85, 34, 57, -25, -111, -10, 48, 122, -110, 89, 118, -26, 89, -82, 99, -105, -32, -37, 40, 127, -122, -28, 46, -20, -47, 94, 43, 6, -90, -46, -67, 108, 70, -59, -89, 96, -75, 123, 87, -50, 106, -46, 99, 65, 119, -93, 40, 123, 104, -18, 118, 57, -68, 50, 62, -86, -118, 30, 30, -55, 38, -63, 68, -19]
 
 
IC value for the above cipher text: 0.00394892195283005
 
 
 
 
====================================
Selected Mode : OFB
 
Cipher text in ASCII: 
[-45, -89, 101, 40, -28, -61, 19, 16, 88, 19, 34, 79, 88, 90, 102, -78, 115, -60, 19, 98, -20, 19, -1, -18, -112, -28, -122, -120, -9, -106, -43, -36, 49, -110, -17, -124, -96, 46, 99, -7, 17, 72, -42, 30, -49, -38, 99, -88, 124, -60, 4, -108, 35, -19, -7, -82, 36, 50, -115, 38, -63, -51, -104, -116, 84, -23, -70, 2, 71, -7, 55, -46, 95, -106, -106, -105, -99, 87, -41, 26, -80, 99, 102, 80, 115, -73, -89, 45, 39, 10, -128, -73, 24, 85, -1, 4, -107, 2, 88, 35, 89, -107, -21, 78, -114, 68, -110, 41, 70, 32, 90, -122, 126, 4, -121, -99, -82, 14, 20, -23, 49, -108, -47, 88, 49, 26, 84, 44, -108, -106, -9, -43, -10, -86, 82, 11, -125, 120, -83, 119, 90, -63, -82, -32, 95, 21, -7, 35, 82, -125, -4, 103, -100, -110, -128, -18, -98, -89, 44, -111, -120, -13, 50, 88, -117, 24, 119, -3, -125, 120, 123, -89, 73, -64, 117, 67, -17, 59, -101, 6, 0, 120, -85, -83, 4, -56, 39, -93, 93, -93, -53, 95, -97, 8, -14, 28, 63, 17, 111, -109, -81, 121, 7, 5, 86, 67, 73, -76, 102, 65, 65, 122, 29, 113, -106, -111, 70, -79, 111, -95, -23, -39, -62, -72, -90, 69, -72, -66, 79, -100, 99, -52, 45, -34, 67, 62, -86, 66, 24, 45, 101, -52, -125, -61, -103, 20, -43, 7, -29, -54, 22, 93, -80, 98, 54, -10, -15, 28, -124, -80, 15, -62, 108, 81, 115, -104, -34, 107, 64, -52, 42, -106, -16, -49, -2, 24, 29, -124, -4, 81, 107, 93, 120, -99, 100, -124, 60, -46, 10, -53, -47, -58, 65, -101, 80, -33, -27, 34, 59, -57, 101, -65, 60, 23, -111, 54, 79, 62, -65, 81, 38, -117, -118, -47, -31, 18, -84, 6, 99, -108, 31, 108, 105, 62, 102, 6, 12, 89, -36, 30, -125, 116, -29, -5, -3, 110, -15, -23, 46, -77, 8, -118, 91, -95, 103, -45, -69, 17, 125, -102, 36, 36, -28, 1, 44, 80, 86, -73, -57, 22, 44, -30, -126, -122, -84, -9, -26, 111, 85, -16, 13, 92, 97, 6, 93, -125, -8, 118, -13, 127, 105, -124, 9, -71, 25, -39, 126, -15, -50, -11, -128, 79, 101, -89, 115, 1, 33, 84, -96, 71, -89, 68, -116, -60, -48, 91, 103, 48, 62, -105, -21, 110, 94, -13, -8, 93, -103, 84, 66, 45, 57, 124, -62, 19, -56, -97, -101, -4, -82, -50, 14, 53, 22, 40, 3, 83, 48, 6, 75, -51, 73, 26, -76, -64, 30, -72, 53, 3, 4, -32, -1, 55, 87, -35, -68, 33, -97, 121, -51, 91, 51, 107, 95, 98, -40, 29, -42, -81, -48, -24, -60, -101, -77, -79, -106, 97, 38, -79, 63, 97, -92, -113, 125, 99, 8, 16, 5, -78, 118, 77, 65, -15, 47, 78, -27, -79, -93, 58, 5, -93, -86, -14, -92, -48, 27, -81, -114, 49, 74, 35, 77, 29, 40, 23, 99, -4, 69, 90, 52, -40, 60, -121, -72, -81, -122, 98, -20, 45, -124, -108, 68, 49, 24, 26, -65, 73, -84, -12, -8, -113, 70, 55, -35, -20, -98, 104, 111, 20, 4, -56, 46, 0, 84, 23, 116, 9, -57, -58, 53, 51, 8, -117, 117, -114, -125, -85, -79, -74, -47, -97, 88, -56, 112, -24, -32, -27, 32, 83, -21, 123, 59, 62, -1, 26, -126, 81, -35, -128, 13, 42, 90, 19, 116, 32, -88, 17, 53, 19, -91, -73, -97, -15, -1, 114, -21, 116, -33, -39, -68, 107, -33, 107, 48, -30, 17, 117, -31, -38, -88, -82, 124, 122, 49, -101, 4, 21, 93, -62, 58, -101, -36, -106, -71, -112, -101, 83, 4, -26, 107, 23, 87, -76, 74, -84, -37, 46, -48, 69, 96, 71, 25, -96, 77, -37, -47, -75, -49, 2, 114, -61, 42, -66, -73, -82, 55, -45, 120, 113, -1, 56, -48, -101, 4, 80, -93, -65, 9, 54, 25, -95, 11, 7, -63, 94, -102, -127, 19, -126, 76, 47, 87, -102, 101, -80, 119, -85, -11, 94, -39, 70, 45, -104, -64, 49, 19, -26, 6, 93, -91, -113, -68, -38, 91, 49, -4, -47, -42, 126, -117, -120, 12, 124, 95, -94, 50, -69, -2, -60, -60, 29, 56, 41, -123, 105, 47, -106, -98, -52, -107, -42, -121, 27, 12, -22, -53, -77, 123, -54, 14, -107, -48, 114, -108, 97, 89, 57, 31, 32, 8, 34, 29, 68, 24, -19, -16, 13, -40, -81, -123, 107, 98, 62, -126, -107, 3, -56, 8, -77, 24, 97, 118, 107, 40, 31, -125, 25, -105, -91, 47, 10, 75, 2, -36, 96, -103, -29, 58, -122, 119, -85, 86, 17, -65, -48, -41, -80, -120, -34, -108, 79, -17, 53, 100, 106, -54, -18, 47, 84, 83, 32, -3, -54, 99, 22, -123, 15, -6, -63, 47, -13, 26, -106, -18, -121, 27, -74, 99, -11, -104, 75, -88, 51, 92, 126, 70, -64, 14, -2, -83, -48, -122, 101, -113, -8, -58, 123, 93, 117, -35, -48, 11, -85, -12, 126, 120, 99, -68, 22, -74, -1, -52, 126, 94, 101, 23, -102, 50, -100, -53, 45, -28, 101, 36, -5, -26, -55, 108, -3, -73, -128, 29, 3, -7, -83, 116, 88, 85, -108, -29, 40, 27, 35, 100, 74, 116, 115, 120, -112, -111, -88, 96, 41, -37, 118, 117, 96, -29, 71, -90, 9, -19, -74, -43, -72, -10, -54, -9, -25, -9, 121, -72, -77, 5, 29, 42, 120, -109, 78, -10, 96, -109, -35, -9, -46, -26, -8, 70, -13, 31, -10, 104, -39, 77, -43, -45, -72, 83, 86, -60, -68, -112, -124, -35, -62, -107, -68, 87, -91, 77, 106, -126, -41, 61, 47, 52, 99, -103, 14, -50, 66, 98, 89, 73, 111, 62, 42, -78, -38, -80, 59, -65, 101, -103, 75, -126, -49, 10, -21, -18, -127, 120, -120, 34, -79, -78, 46, -97, -96, -63, 68, 72, 112, 57, 4, 79, -78, -116, -73, 73, -13, -61, -31, -69, 23, 15, 41, 61, -19, 92, 47, -121, 114, 92, 89, 110, 9, 108, -34, -12, -100, -113, -12, 103, 116, 117, -34, -24, 89, 107, -11, 71, 8, 17, -97, 83, -66, 80, 105, 30, -74, -6, 3, 47, -6, -119, 97, 105, -71, -19, 112, 74, 35, 89, 90, 22, 126, 43, 44, -69, 116, 21, 63, -32, 111, -16, 40, 82, -17, -63, 34, -14, -125, -99, -77, -31, 101, 127, -40, 86, -2, -38, 97, -104, -37, 68, -44, 62, -15, -53, 88, 35, 29, -102, 53, -119, -5, -47, 119, 56, 48, 119, -5, 10, 73, -43, -10, 70, 115, -21, -120, -126, -10, -34, -97, -64, 97, 90, -64, -117, -94, -42, -44, -9, 90, 25, 121, 54, 81, 87, 115, 41, -39, -3, 42, 1, -5, -90, -60, -75, 30, -109, -120, -44, -59, -73, 122, 45, 14, -3, -52, -94, -104, 37, -101, 42, -107, 36, -13, 16, 45, -125, -107, 41, 13, -88, 13, 3, 16, -6, 110, -42, -35, -105, -50, -36, 87, 90, -47, 6, 94, -95, -6, -6, -1, 115, 24, -29, 43, -96, -87, 70, 32, 102, -69, -108, -57, -28, -101, -95, 106, -89, 122, 94, -103, -128, -61, -75, -15, -49, -125, -56, 26, 62, 93, -105, -8, -2, -78, -104, 79, 95, 98, 113, -121, 72, 82, -103, -12, 16, -29, 117, 117, -71, -76, 73, 8, -31, -79, -80, -94, 43, -74, -23, 85, -67, 22, 40, 87, -35, 42, 98, -95, 121, 43, 21, 23, 34, 38, 77, -100, -24, 57, -121, -17, 72, -19, -59, 13, -35, 65, -80, -72, -45, -57, -59, 100, 48, 3, -39, -73, 102, 95, 60, -43, -21, 33, 101, 23, 80, 96, 1, -94, 44, 116, 101, -10, -65, 95, 114, 6, -92, -77, 94, -123, 115, 109, -80, 83, 78, -107, -99, 48, 23, -15, -75, -123, 98, -79, 43, 79, -98, 37, 7, -31, -81, 29, -65, 59, 127, 23, -128, 111, 13, -40, 48, 77, 91, -11, 97, -4, -38, -78, 33, 95, -73, -113, 7, 111, -128, 85, 119, -7, 87, 47, 113, -101, -84, -112, 78, 39, 48, 94, 124, -59, 39, 57, 35, 46, -65, 40, -45, 56, -114, -52, -1, -93, -82, -113, -53, -111, 120, 103, 37, -77, 74, -57, 123, 30, -40, -124, -67, 49, 26, 110, 74, -98, 56, -108, 68, -70, -60, 84, -85, 38, -33, -118, 62, -121, -102, 16, -60, -18, 49, 22, -13, -29, -111, 6, 77, -44, -127, 109, 41, -43, -119, -107, -5, 98, 70, 106, 110, -61, -31, -101, 49, -45, 4, -73, 36, 90, 115, 94, 71, -92, 73, -75, 43, -64, 47, -27, 16, -77, 80, 48, -76, 81, -112, -2, -8, -5, 103, -2, 45, -48, 53, -53, 27, 16, -124, 84, 119, 108, -26, -91, 18, -38, 107, -67, -66, 46, -47, -67, 0, -107, -53, 118, 30, -50, 24, -124, 61, -71, 62, 104, -1, 40, 119, -3, 81, -82, -50, 41, -127, 16, 116, 77, 73, -58, -5, 28, -55, 11, 98, 82, 49, -60, 98, 96, 125, 46, 53, -33, 58, -80, -12, 30, 92, -59, -80, -88, 10, -43, 11, -102, -21, -125, -81, 68, -37, -50, 122, -107, 87, 85, -55, 92, 31, -87, -7, -93, 4, 108, 119, -120, -53, -123, -43, 101, -84, -57, -108, -69, 34, -106, 55, -54, 47, 13, -57, 61, -97, -123, -120, -67, -120, -44, -38, -28, 123, 75, 126, 104, -17, 36, -93, 34, 62, -11, 87, -20, 90, 57, 100, -55, -38, -41, 102, -37, 87, 49, -28, -107, 43, 47, -65, -78, 9, 86, -103, 63, -37, 47, -106, -69, 99, -26, 127, 65, -68, -107, -7, -32, 52, -82, 109, -109, -21, 55, 42, 65, 71, -38, -86, -127, 2, 80, -15, 0, 68, 65, 49, 61, -87, -80, 105, 102, 114, 90, -123, -68, -13, -104, -111, -84, 11, -60, -120, -91, 122, 121, 23, 7, 90, -84, -65, 120, 44, -49, -118, -104, 9, 33, -44, -49, 28, 101, -4, -35, 98, -91, 25, 112, 113, 104, -102, -80, -71, 65, 45, 68, 67, -59, 82, 93, -13, -49, 75, 47, 95, -11, -98, 106, 36, 65, -116, -65, 41, -78, 45, -112, -12, 107, -116, -123, 52, -122, 14, -82, -127, -128, 2, 73, -95, 61, -128, -40, -18, 20, 90, -49, 12, 32, -5, -72, -115, 73, -121, -109, -40, 61, 6, -20, 68, -12, -43, 15, 111, 55, -116, 115, 73, -47, 100, 111, 48, -92, 81, -5, -85, -13, 66, 50, 2, 6, 121, -22, -121, 72, 13, -19, 106, -100, -4, 6, 77, 60, -3, -26, -97, 46, 119, 127, 118, -16, 103, 67, 85, -29, 118, 34, -95, 82, 94, 23, -86, 112, 9, 17, 103, 37, -38, -99, -107, 78, 68, -48, -42, 25, 20, -107, 46, 34, 38, 28, -18, -52, 28, -85, -94, 8, 109, -56, 21, 88, -48, -72, -8, -73, 6, 87, 52, 87, 91, 45, -42, -55, 105, -114, 81, 125, 21, 69, 81, -22, -117, 5, -24, -78, -33, 41, -99, 7, 107, -52, 113, -108, -94, -82, -79, 113, 72, 92, -105, -47, -59, -52, -29, -71, -6, 71, -115, -70, 5, 29, -84, 66, -105, -91, -65, -116, -53, -53, -64, -101, 19, -4, 73, -6, -20, -125, -54, 13, -128, -119, -111, -96, -5, 88, -11, -109, 69, -9, -60, 75, -58, -32, -89, -23, -63, 120, -77, -3, -36, 113, 88, -105, -61, 110, -8, -62, -95, -124, -46, 7, -124, 39, 113, 34, 88, -114, -103, -90, 111, 79, 30, 24, 48, 59, -42, 62, 15, -74, 124, 46, 68, 97, 9, 123, -72, 25, -112, -109, -79, 117, 126, 118, -72, 51, -63, 37, 74, -108, -29, 16, 2, -98, 112, -63, -118, -102, -14, -41, 49, 110, 4, 99, 96, 28, -12, 9, 36, -72, 28, -51, 27, -22, -39, -41, -30, 80, 45, -106, 39, 62, -121, 51, -124, 51, 21, 22, -16, -9, 43, -104, 12, 18, 122, 31, 19, 80, 41, -26, 119, 42, -81, -65, -45, 35, -37, -81, 85, -38, 90, 50, 57, 57, -86, 118, -32, 107, 105, -9, 81, 77, -41, 82, 6, -13, -92, 85, 32, 40, 32, 74, -16, 3, -115, 41, 70, -25, -73, -66, -6, -49, -102, 10, 44, -24, -20, -87, 41, 100, -43, 104, -93, 7, -38, -33, -97, -52, -42, 36, 40, -51, -64, 37, -42, -7, -87, 117, 18, -53, -62, -32, 107, -54, -124, -6, 88, 111, -74, -21]
 
 
IC value for the above cipher text: 0.003913483484776706
