====================================
 
 
used key for all of the data: [97, 110, 117, 100, 101, 101, 112]
 
 
====================================
Selected Mode : ECB
 
Cipher text in ASCII: 
[-63, -14, -70, -82, -20, -24, -128, -1, -60, 47, -59, 107, 19, -12, -4, -10, -64, -88, -7, 76, 106, -80, 86, -38, -1, 126, 118, 122, 95, 43, 43, 76, 49, -63, 97, -77, -60, -116, -92, -117, -91, -34, -110, -15, 41, 62, 67, -116]
 
 
IC value for the above cipher text0.005319148936170212
 
 
 
 
====================================
Selected Mode : CBC
 
Cipher text in ASCII: 
[-4, -127, 108, -74, 89, -31, 34, 17, -86, -25, 29, -85, 56, -11, -79, -34, -64, -88, -7, 76, 106, -80, 86, -38, -1, 126, 118, 122, 95, 43, 43, 76, 49, -63, 97, -77, -60, -116, -92, -117, -91, -34, -110, -15, 41, 62, 67, -116]
 
 
IC value for the above cipher text0.0035460992907801418
 
 
 
 
====================================
Selected Mode : OFB
 
Cipher text in ASCII: 
[122, 88, 121, -73, -108, -50, -30, 18, -56, -8, 33, -26, 66, -117, 43, -31, -16, 115, -35, -83, -99, -63, -20, 119, -29, 45, 17, -125, -75, 121, 99, -9, 56, 85, 7, 103, 25, 111, -53, 39, -51, 45, 25, -76, 95, -68, 42, 83]
 
 
IC value for the above cipher text0.0026595744680851063
