====================================
 
 
used key for all of the data: [97, 110, 117, 100, 101, 101, 112]
 
 
====================================
Selected Mode : ECB
 
Cipher text in ASCII: 
[-60, 55, -113, 115, 79, 59, -17, -35, 119, 38, -126, -36, -73, 72, 109, 17, -127, 82, -71, 44, 127, 58, -93, -101, 11, -52, -14, -59, -17, 24, 61, -32, 22, -36, 83, 34, -83, -122, -105, -127, -69, -40, 84, -30, 83, -21, -34, 46, 96, -80, 83, -57, 34, -18, 10, -29, 28, -28, 7, -6, -76, -91, -29, 90, 80, -113, -98, -112, -86, 9, -42, -104, 124, 117, -70, 103, -96, 36, 54, -34, -110, -30, -119, 101, -127, -38, -49, 94, 46, 50, -68, -115, 40, 15, -41, -126, -9, 120, -30, -51, 31, 119, 40, -97, 45, 107, 12, 98, 101, -79, -14, -20, -71, -50, 38, -28, 12, 71, -11, 68, 66, -31, 85, -31, -36, 89, 102, 95, 18, -29, -128, 1, -28, -92, -26, -105, -12, 82, -23, 3, 25, 62, -37, 38, 93, -50, 117, 41, 63, 106, -54, -45, -102, 94, -101, 31, -45, -74, -51, -34, 95, -86, -112, 41, 13, 11, 15, -1, 7, 3, 113, 113, 9, 1, 26, -14, 103, -7, -117, 0, 14, 99, -91, -75, 96, -63, 65, 25, 41, -52, -13, -16, 36, 119, -55, -107, -61, -103, 13, 68, -51, 125, -8, 33, 109, 83, 0, 4, -40, -91, -41, -49, 75, -21, -20, 33, 31, 46, 113, 45, -88, 35, -1, -124, 90, -56, -60, 111, -94, -6, 2, -22, -86, 118, 96, 89, -33, 85, -99, -72, -78, -18, -59, 25, 125, 113, 67, -27, 49, 117, -59, -33, 87, -122, 106, -77, 50, -98, -105, 33, 100, 57, 33, 2, 119, -111, 46, -73, -120, -39, -72, 35, 61, -80, 78, -71, 51, 62, 57, 122, 87, 76, -9, 97, -60, -103, 71, 126, -55, -66, 54, -21, -68, -99, -82, 101, -8, 24, -80, -63, -122, 63, 13, -33, -88, -110, -121, -92, -114, -75, 68, 125, -28, -93, -6, -23, 121, 91, 63, 124, 97, -75, 54, -59, -26, -17, -118, -71, 40, 29, 9, -80, -16, 9, -118, 97, 110, -69, 123, -80, 84, 28, -10, -14, 66, 94, -124, -49, 66, -80, -101, 56, -100, -120, -75, 54, -91, 2, -113, 19, 84, -41, 105, -11, 2, 69, 63, 48, 44, -58, 104, 31, 117, -5, -121, 89, 38, 66, 90, -46, 41, -59, 119, -16, -124, -77, 120, 110, -17, 74, -103, 57, 90, 56, -109, 124, 79, -14, 75, -59, -79, 28, 108, 34, 113, 60, 76, 106, -59, -44, 83, -96, -108, 82, -37, 65, 43, -62, -79, 79, 70, 116, 66, -50, -91, 6, -125, 51, 111, -46, 8, -26, 59, -72, 87, -61, -50, -57, 71, -96, -50, 106, -99, -39, -76, -75, -96, 87, 16, -37, -100, -48, 36, -107, 76, -31, -67, -80, 47, -121, -22, -35, -58, -114, 87, 50, -36, -36, -32, 61, -109, 62, 84, 85, 113, 121, -21, -52, 78, 103, 41, 100, -25, 11, 62, 13, 72, 111, 124, -53, -127, 20, -68, 104, 10, 120, 3, 98, -123, -96, 19, 85, -111, 42, 16, 22, -44, 50, 103, -69, -114, 68, -65, 22, -45, 17, -25, 13, -14, 82, 65, -95, -124, 101, -46, -33, -92, 46, 72, -4, -11, 3, 75, -101, 50, -29, 41, -3, 28, -81, 35, 73, 73, 56, 65, -20, -57, 2, -84, -90, -91, -20, -29, 123, -26, 99, -59, 16, 32, 113, -66, -71, -68, -68, 60, 38, -111, 18, 123, -58, 77, -125, -50, 41, 98, -2, 1, -73, 118, 0, 12, -65, 3, 64, 97, -107, -103, -114, 114, 26, 27, 26, -67, 13, -121, 2, -127, 107, -128, -40, 18, -14, 84, 68, -84, -16, -34, 8, -16, 1, -66, -16, -59, -54, -126, 69, 94, 127, -65, 46, -33, 44, 102, 63, 27, -119, 9, 88, -108, -7, 53, -116, 84, 6, -123, 37, -98, 3, 99, 3, 49, -87, 53, 30, -57, 123, -98, -52, 91, 113, 30, -94, -126, -117, -39, -93, 100, -49, 115, 36, 92, 120, 10, -34, 64, 118, 88, -39, 92, 62, -68, -75, -118, 33, -108, -35, -19, -112, 45, -25, 89, 125, -22, -13, 39, 96, -59, 69, 33, 19, 62, -107, -102, -68, -3, 68, 35, 63, -76, 68, 48, 8, 14, -10, -108, 3, 28, -48, -87, 123, 12, 113, -57, -41, 68, 17, 3, 60, -98, 8, -20, -83, -125, -99, 91, -91, 20, -114, 10, -26, -76, -82, -121, 14, -13, 7, 17, -42, 55, 115, -95, -31, -27, 13, 125, 30, -50, 33, 118, 81, -107, -7, 7, 112, -106, -126, 68, -122, -50, 42, -31, 39, -86, 87, -1, 72, 82, 79, -98, 79, 105, -62, 32, 88, -95, 2, -57, 85, 71, 80, -113, 25, 115, 51, 81, -112, -73, 67, -5, -23, -90, -24, -82, -121, -66, 102, -103, 114, 25, 47, 51, -62, -106, -107, 125, -106, -22, 63, -36, 18, 74, -25, -67, 85, -4, -2, -100, 98, -48, 16, 119, -104, 123, -27, 93, -82, -34, -81, -8, -27, 33, 21, -45, -53, -2, 88, -78, 47, -28, 24, 36, 51, -25, -98, 71, -79, 58, -128, -39, -78, -19, 74, -39, 108, 63, -50, 116, -16, -78, 10, -88, -2, 61, -109, 37, -43, -67, -66, 88, 33, -90, -103, -114, 110, 57, -30, -49, 68, 40, -56, -53, 78, -42, 34, -34, 105, 62, 47, -76, -117, 62, -125, -95, 100, -39, 36, -49, 19, 122, -109, 93, 19, -98, 110, -25, 114, -19, -111, -119, -36, -102, 79, 43, -124, 19, 33, 63, -106, -100, 77, -92, 113, -90, 12, 42, -10, -119, 45, -4, -112, -47, -112, -1, -51, -71, -82, -43, -47, 77, 90, 63, 29, -31, -102, 1, -127, -95, 75, -31, -79, -71, 7, 112, 5, 52, -44, -117, 0, -60, -85, 77, 1, -62, 103, 123, 69, -120, -5, 46, -124, 29, -35, 3, 32, 68, 50, -117, -41, -19, -2, 78, 12, 110, 102, -39, 99, 41, -118, 51, 49, -115, 109, 81, 81, 122, -32, -16, 15, -84, -30, -28, 45, 85, 104, 91, -25, 46, 1, -91, -109, 41, -21, -33, -109, 50, -47, 39, 39, -71, -118, 117, -72, 113, 84, 104, -120, 37, 82, -97, -123, 77, -121, 82, -17, 74, -126, -93, 35, 3, -85, -109, 17, -63, 22, -124, 72, -58, -58, 127, -7, -19, -71, -98, -3, -118, -100, -126, -48, -60, -60, 13, 110, 85, 10, -12, 22, -107, -94, -68, 119, 117, 26, 1, 103, -96, 47, 112, -95, 119, 104, 35, 6, 5, -88, -105, 108, 22, -92, -14, 44, -8, -23, -109, -76, -3, 101, -46, -38, 92, 127, -47, 102, -110, -11, -18, 126, -33, -112, 6, 117, -60, -36, 34, -59, 115, 8, 57, 116, -52, 56, 11, 63, 24, -116, -80, -50, 14, 72, 112, -28, -125, -82, 1, 89, 68, 26, -53, -114, -88, -88, 20, 106, -45, -67, -126, -56, -4, 120, -25, -105, -41, -88, -116, 37, -116, -66, -118, -72, -106, 40, 36, 78, 79, 122, 81, 123, 73, -118, -28, 11, -121, -19, -22, 54, 39, -41, -101, 79, 114, 74, 8, 87, 4, -5, -53, 89, 125, -9, -2, 30, -83, 27, -59, 108, 56, -66, 21, -100, -13, 94, 51, 28, -58, -51, -60, -100, 10, -7, 0, -40, 120, 16, -44, 80, 106, -75, 17, -2, -68, -71, 25, -84, -19, -127, -109, 60, -59, -122, 103, -81, 87, 69, -78, 71, 71, 49, 94, 63, 54, 104, -62, -18, -103, -10, -98, 10, 49, -65, -114, -38, 91, 2, 115, -127, -75, -13, 118, -49, 31, 43, -60, 94, -87, -50, 1, 29, -109, -94, -54, -14, 124, 19, 12, -28, -13, -114, 60, 4, -76, -41, 89, -16, 77, -34, -53, -54, 71, -126, 37, 100, 77, -28, 51, 57, 38, -23, 53, -26, -21, 4, 88, -22, -102, -55, -89, -82, 65, -80, 8, -31, 103, -103, 82, 115, -30, 13, 39, -70, -25, 36, -106, -98, 30, 113, -121, -59, 113, -31, 105, 127, 72, -79, 121, 73, 108, -63, -83, 18, 112, 30, 107, 45, -58, -20, 77, -73, -45, -125, -58, 46, 25, -52, -15, 22, -87, 19, -62, 8, -98, -89, 39, -15, -64, 39, 110, 100, 124, -36, 14, -99, -123, 119, -75, 19, 81, 56, 67, 66, -114, -33, 98, -54, -102, -102, -36, -61, -106, 86, 72, 14, 54, 120, 90, 112, -125, 12, -5, -35, -120, 24, 48, 47, -82, 77, -9, -82, 47, 5, -88, -90, -93, -14, 13, 20, 82, 33, 17, 123, 42, -38, 36, -21, -100, -111, 75, -53, 31, -81, 9, -73, -90, 100, 73, 18, 25, 53, -122, -79, 125, -50, -37, -114, -103, -125, -106, 63, 9, 89, -93, 45, -36, 111, 53, 84, -112, -67, 50, -73, -111, -112, 87, 44, 93, -25, -6, -5, 24, -27, 102, -73, 5, 37, 115, -11, 124, -107, 117, 21, 96, -1, -70, 43, -115, -68, -27, -65, 104, 30, 34, -8, 67, -16, -85, -35, -92, 73, 110, -123, -37, 52, -89, -106, -44, 83, -16, -61, 88, -50, 124, -30, -106, 17, 8, 100, -103, -90, 72, -8, -18, -65, -83, -44, -86, 54, 69, 94, 125, -5, -75, 121, 23, 27, -83, 80, -1, 80, 90, -125, -72, 121, -35, 98, 7, -5, 34, 125, -70, -83, 103, -53, -19, -83, 61, 115, 74, 57, -65, -29, 9, 111, -113, -8, 62, 100, -18, 76, 11, 99, 49, -14, 55, 66, -24, -4, -109, -28, -25, 40, -103, -121, -58, 53, 85, -46, 82, 59, -120, -50, 34, 36, -110, 78, -125, 103, -121, -117, 80, 101, -7, -104, 64, 24, 100, -92, -67, -24, 28, -53, 28, -102, 96, 14, -122, -96, 69, -99, -30, 72, 21, -28, -45, -20, -65, 50, -94, 77, 62, 108, -110, 29, -31, 36, 63, 97, 34, -87, 42, -75, 81, 108, 6, -123, 126, -61, 107, -34, -121, 32, -73, -7, 2, -49, 68, -63, 57, 44, 102, -22, 77, -60, 73, 69, 83, 6, 90, 25, -14, 55, -14, 103, 41, -45, 3, -85, -108, -33, -126, -50, -64, 102, 108, 108, -58, -112, -85, 20, 65, 84, -93, 119, 75, 62, 67, 8, -60, -3, -98, 2, 88, -12, 32, -27, -102, 42, -20, 59, 83, -30, -6, 107, -69, -56, -71, -107, -101, 18, 7, -45, -89, -125, 43, -31, 44, -77, -30, -26, 105, -112, 21, -108, 122, -80, -122, -45, -7, -110, -5, -105, -36, -9, -37, 93, 99, 58, -49, 85, -62, 83, -7, 20, 40, 76, 26, 62, 125, -18, 121, 91, 52, 94, -37, 42, -41, 123, -60, -106, -29, -72, 85, 61, 26, 105, -48, 48, -8, -120, 106, 50, 10, 17, 76, -58, 36, 71, -78, 43, -8, -96, 113, 38, -83, 76, 2, -48, 112, -8, 109, -71, -26, 62, 5, -77, -90, 6, -110, 95, -81, -94, 71, 15, -30, -115, 81, 107, 116, 120, -1, 106, -128, 88, 125, -49, 71, -41, -46, 107, -38, 57, 87, -74, 113, -79, -122, 81, 118, 56, 63, -115, 126, -51, 64, -43, -107, 82, -85, 39, -30, 43, 115, 53, 91, 28, -16, -123, 23, 6, 2, -102, 125, 61, 66, -66, 106, -87, 46, 95, -67, 70, -41, 55, -120, 95, 49, 55, 35, -67, -13, 87, -11, 49, 33, 54, -113, 16, -46, -40, -25, 28, 59, -94, -11, -94, 83, -53, 74, -54, 105, -107, 57, -115, 2, -28, -79, 50, 56, -120, -16, -96, -20, 107, -17, -108, -19, -55, 103, -33, 64, -97, 51, 86, -38, -102, -123, 88, -121, 13, -86, -16, -20, 121, -97, 72, 42, 103, -78, -79, 67, 126, 16, 22, 7, 72, -106, -28, -47, 90, -107, 90, 34, 79, -31, -117, 122, 36, 78, 88, 62, 120, -42, -70, -35, -62, -30, -64, -111, 45, 117, -97, -37, -125, -32, 99, 97, -80, 83, 92, 20, -99, -60, -45, 90, -27, -98, -98, 21, 60, -99, 57, -115, 38, 49, 19, 75, -121, 126, 1, -107, -21, 4, -92, 88, 24, -58, 60, 84, -127, 78, -99, 74, 32, 16, 62, 7, -71, -18, 21, -35, 120, 101, 32, -128, -66, -45, 63, -24, 76, -46, -37, -21, -108, 90, -8, -59, 51, -108, -45, -68, -22, 23, 58, -106, -66, -92, -60, -77, -112, -41, -27, -6, -9, 63, 105, -85, 29, -77, -26, 14, 51, 19, 52, -31, 66, -28, -2, -103, 104, 56, -116, -1, 116, -49, -51, -6, -118, -119, -64, -89, -13, -115, 20, 111, 19, 68, -100, 36, -39, 31, -64, -3, -86, 8, -125, -128, -62, -123, -16, -82, -11, 77, 89, -59, 72, 1, 84, 11, -45, -5, -43, -47, 103, -30, 111, -77, 32, 24, -46, 12, -6, -120, 3, -124, 95, -50, -105, -11, 9, -83, 23, 47, 120, 107, 59, -50, -43, -2, 37, 98, 63, 43, -115, 67, -122, -14, 125, 75, 74, -49, 2, 86, 38, -1, 76, -50, -30, -107, -56, 20, 57, 83, -18, -86, 112, -15, 66, 20, 74, -99, 42, -100, -122, 92, -68, 125, 120, -88, -71, -54, -54, 66, 47, 114, -11, 81, 65, 50, 106, -16, -55, -11, 50, 10, -66]
 
 
IC value for the above cipher text: 0.00394113943238264
 
 
 
 
====================================
Selected Mode : CBC
 
Cipher text in ASCII: 
[69, -53, -99, -124, -119, 80, 73, -114, -73, -12, -63, 2, 18, 77, 106, -121, -127, 82, -71, 44, 127, 58, -93, -101, 11, -52, -14, -59, -17, 24, 61, -32, 22, -36, 83, 34, -83, -122, -105, -127, -69, -40, 84, -30, 83, -21, -34, 46, 96, -80, 83, -57, 34, -18, 10, -29, 28, -28, 7, -6, -76, -91, -29, 90, 80, -113, -98, -112, -86, 9, -42, -104, 124, 117, -70, 103, -96, 36, 54, -34, -110, -30, -119, 101, -127, -38, -49, 94, 46, 50, -68, -115, 40, 15, -41, -126, -9, 120, -30, -51, 31, 119, 40, -97, 45, 107, 12, 98, 101, -79, -14, -20, -71, -50, 38, -28, 12, 71, -11, 68, 66, -31, 85, -31, -36, 89, 102, 95, 18, -29, -128, 1, -28, -92, -26, -105, -12, 82, -23, 3, 25, 62, -37, 38, 93, -50, 117, 41, 63, 106, -54, -45, -102, 94, -101, 31, -45, -74, -51, -34, 95, -86, -112, 41, 13, 11, 15, -1, 7, 3, 113, 113, 9, 1, 26, -14, 103, -7, -117, 0, 14, 99, -91, -75, 96, -63, 65, 25, 41, -52, -13, -16, 36, 119, -55, -107, -61, -103, 13, 68, -51, 125, -8, 33, 109, 83, 0, 4, -40, -91, -41, -49, 75, -21, -20, 33, 31, 46, 113, 45, -88, 35, -1, -124, 90, -56, -60, 111, -94, -6, 2, -22, -86, 118, 96, 89, -33, 85, -99, -72, -78, -18, -59, 25, 125, 113, 67, -27, 49, 117, -59, -33, 87, -122, 106, -77, 50, -98, -105, 33, 100, 57, 33, 2, 119, -111, 46, -73, -120, -39, -72, 35, 61, -80, 78, -71, 51, 62, 57, 122, 87, 76, -9, 97, -60, -103, 71, 126, -55, -66, 54, -21, -68, -99, -82, 101, -8, 24, -80, -63, -122, 63, 13, -33, -88, -110, -121, -92, -114, -75, 68, 125, -28, -93, -6, -23, 121, 91, 63, 124, 97, -75, 54, -59, -26, -17, -118, -71, 40, 29, 9, -80, -16, 9, -118, 97, 110, -69, 123, -80, 84, 28, -10, -14, 66, 94, -124, -49, 66, -80, -101, 56, -100, -120, -75, 54, -91, 2, -113, 19, 84, -41, 105, -11, 2, 69, 63, 48, 44, -58, 104, 31, 117, -5, -121, 89, 38, 66, 90, -46, 41, -59, 119, -16, -124, -77, 120, 110, -17, 74, -103, 57, 90, 56, -109, 124, 79, -14, 75, -59, -79, 28, 108, 34, 113, 60, 76, 106, -59, -44, 83, -96, -108, 82, -37, 65, 43, -62, -79, 79, 70, 116, 66, -50, -91, 6, -125, 51, 111, -46, 8, -26, 59, -72, 87, -61, -50, -57, 71, -96, -50, 106, -99, -39, -76, -75, -96, 87, 16, -37, -100, -48, 36, -107, 76, -31, -67, -80, 47, -121, -22, -35, -58, -114, 87, 50, -36, -36, -32, 61, -109, 62, 84, 85, 113, 121, -21, -52, 78, 103, 41, 100, -25, 11, 62, 13, 72, 111, 124, -53, -127, 20, -68, 104, 10, 120, 3, 98, -123, -96, 19, 85, -111, 42, 16, 22, -44, 50, 103, -69, -114, 68, -65, 22, -45, 17, -25, 13, -14, 82, 65, -95, -124, 101, -46, -33, -92, 46, 72, -4, -11, 3, 75, -101, 50, -29, 41, -3, 28, -81, 35, 73, 73, 56, 65, -20, -57, 2, -84, -90, -91, -20, -29, 123, -26, 99, -59, 16, 32, 113, -66, -71, -68, -68, 60, 38, -111, 18, 123, -58, 77, -125, -50, 41, 98, -2, 1, -73, 118, 0, 12, -65, 3, 64, 97, -107, -103, -114, 114, 26, 27, 26, -67, 13, -121, 2, -127, 107, -128, -40, 18, -14, 84, 68, -84, -16, -34, 8, -16, 1, -66, -16, -59, -54, -126, 69, 94, 127, -65, 46, -33, 44, 102, 63, 27, -119, 9, 88, -108, -7, 53, -116, 84, 6, -123, 37, -98, 3, 99, 3, 49, -87, 53, 30, -57, 123, -98, -52, 91, 113, 30, -94, -126, -117, -39, -93, 100, -49, 115, 36, 92, 120, 10, -34, 64, 118, 88, -39, 92, 62, -68, -75, -118, 33, -108, -35, -19, -112, 45, -25, 89, 125, -22, -13, 39, 96, -59, 69, 33, 19, 62, -107, -102, -68, -3, 68, 35, 63, -76, 68, 48, 8, 14, -10, -108, 3, 28, -48, -87, 123, 12, 113, -57, -41, 68, 17, 3, 60, -98, 8, -20, -83, -125, -99, 91, -91, 20, -114, 10, -26, -76, -82, -121, 14, -13, 7, 17, -42, 55, 115, -95, -31, -27, 13, 125, 30, -50, 33, 118, 81, -107, -7, 7, 112, -106, -126, 68, -122, -50, 42, -31, 39, -86, 87, -1, 72, 82, 79, -98, 79, 105, -62, 32, 88, -95, 2, -57, 85, 71, 80, -113, 25, 115, 51, 81, -112, -73, 67, -5, -23, -90, -24, -82, -121, -66, 102, -103, 114, 25, 47, 51, -62, -106, -107, 125, -106, -22, 63, -36, 18, 74, -25, -67, 85, -4, -2, -100, 98, -48, 16, 119, -104, 123, -27, 93, -82, -34, -81, -8, -27, 33, 21, -45, -53, -2, 88, -78, 47, -28, 24, 36, 51, -25, -98, 71, -79, 58, -128, -39, -78, -19, 74, -39, 108, 63, -50, 116, -16, -78, 10, -88, -2, 61, -109, 37, -43, -67, -66, 88, 33, -90, -103, -114, 110, 57, -30, -49, 68, 40, -56, -53, 78, -42, 34, -34, 105, 62, 47, -76, -117, 62, -125, -95, 100, -39, 36, -49, 19, 122, -109, 93, 19, -98, 110, -25, 114, -19, -111, -119, -36, -102, 79, 43, -124, 19, 33, 63, -106, -100, 77, -92, 113, -90, 12, 42, -10, -119, 45, -4, -112, -47, -112, -1, -51, -71, -82, -43, -47, 77, 90, 63, 29, -31, -102, 1, -127, -95, 75, -31, -79, -71, 7, 112, 5, 52, -44, -117, 0, -60, -85, 77, 1, -62, 103, 123, 69, -120, -5, 46, -124, 29, -35, 3, 32, 68, 50, -117, -41, -19, -2, 78, 12, 110, 102, -39, 99, 41, -118, 51, 49, -115, 109, 81, 81, 122, -32, -16, 15, -84, -30, -28, 45, 85, 104, 91, -25, 46, 1, -91, -109, 41, -21, -33, -109, 50, -47, 39, 39, -71, -118, 117, -72, 113, 84, 104, -120, 37, 82, -97, -123, 77, -121, 82, -17, 74, -126, -93, 35, 3, -85, -109, 17, -63, 22, -124, 72, -58, -58, 127, -7, -19, -71, -98, -3, -118, -100, -126, -48, -60, -60, 13, 110, 85, 10, -12, 22, -107, -94, -68, 119, 117, 26, 1, 103, -96, 47, 112, -95, 119, 104, 35, 6, 5, -88, -105, 108, 22, -92, -14, 44, -8, -23, -109, -76, -3, 101, -46, -38, 92, 127, -47, 102, -110, -11, -18, 126, -33, -112, 6, 117, -60, -36, 34, -59, 115, 8, 57, 116, -52, 56, 11, 63, 24, -116, -80, -50, 14, 72, 112, -28, -125, -82, 1, 89, 68, 26, -53, -114, -88, -88, 20, 106, -45, -67, -126, -56, -4, 120, -25, -105, -41, -88, -116, 37, -116, -66, -118, -72, -106, 40, 36, 78, 79, 122, 81, 123, 73, -118, -28, 11, -121, -19, -22, 54, 39, -41, -101, 79, 114, 74, 8, 87, 4, -5, -53, 89, 125, -9, -2, 30, -83, 27, -59, 108, 56, -66, 21, -100, -13, 94, 51, 28, -58, -51, -60, -100, 10, -7, 0, -40, 120, 16, -44, 80, 106, -75, 17, -2, -68, -71, 25, -84, -19, -127, -109, 60, -59, -122, 103, -81, 87, 69, -78, 71, 71, 49, 94, 63, 54, 104, -62, -18, -103, -10, -98, 10, 49, -65, -114, -38, 91, 2, 115, -127, -75, -13, 118, -49, 31, 43, -60, 94, -87, -50, 1, 29, -109, -94, -54, -14, 124, 19, 12, -28, -13, -114, 60, 4, -76, -41, 89, -16, 77, -34, -53, -54, 71, -126, 37, 100, 77, -28, 51, 57, 38, -23, 53, -26, -21, 4, 88, -22, -102, -55, -89, -82, 65, -80, 8, -31, 103, -103, 82, 115, -30, 13, 39, -70, -25, 36, -106, -98, 30, 113, -121, -59, 113, -31, 105, 127, 72, -79, 121, 73, 108, -63, -83, 18, 112, 30, 107, 45, -58, -20, 77, -73, -45, -125, -58, 46, 25, -52, -15, 22, -87, 19, -62, 8, -98, -89, 39, -15, -64, 39, 110, 100, 124, -36, 14, -99, -123, 119, -75, 19, 81, 56, 67, 66, -114, -33, 98, -54, -102, -102, -36, -61, -106, 86, 72, 14, 54, 120, 90, 112, -125, 12, -5, -35, -120, 24, 48, 47, -82, 77, -9, -82, 47, 5, -88, -90, -93, -14, 13, 20, 82, 33, 17, 123, 42, -38, 36, -21, -100, -111, 75, -53, 31, -81, 9, -73, -90, 100, 73, 18, 25, 53, -122, -79, 125, -50, -37, -114, -103, -125, -106, 63, 9, 89, -93, 45, -36, 111, 53, 84, -112, -67, 50, -73, -111, -112, 87, 44, 93, -25, -6, -5, 24, -27, 102, -73, 5, 37, 115, -11, 124, -107, 117, 21, 96, -1, -70, 43, -115, -68, -27, -65, 104, 30, 34, -8, 67, -16, -85, -35, -92, 73, 110, -123, -37, 52, -89, -106, -44, 83, -16, -61, 88, -50, 124, -30, -106, 17, 8, 100, -103, -90, 72, -8, -18, -65, -83, -44, -86, 54, 69, 94, 125, -5, -75, 121, 23, 27, -83, 80, -1, 80, 90, -125, -72, 121, -35, 98, 7, -5, 34, 125, -70, -83, 103, -53, -19, -83, 61, 115, 74, 57, -65, -29, 9, 111, -113, -8, 62, 100, -18, 76, 11, 99, 49, -14, 55, 66, -24, -4, -109, -28, -25, 40, -103, -121, -58, 53, 85, -46, 82, 59, -120, -50, 34, 36, -110, 78, -125, 103, -121, -117, 80, 101, -7, -104, 64, 24, 100, -92, -67, -24, 28, -53, 28, -102, 96, 14, -122, -96, 69, -99, -30, 72, 21, -28, -45, -20, -65, 50, -94, 77, 62, 108, -110, 29, -31, 36, 63, 97, 34, -87, 42, -75, 81, 108, 6, -123, 126, -61, 107, -34, -121, 32, -73, -7, 2, -49, 68, -63, 57, 44, 102, -22, 77, -60, 73, 69, 83, 6, 90, 25, -14, 55, -14, 103, 41, -45, 3, -85, -108, -33, -126, -50, -64, 102, 108, 108, -58, -112, -85, 20, 65, 84, -93, 119, 75, 62, 67, 8, -60, -3, -98, 2, 88, -12, 32, -27, -102, 42, -20, 59, 83, -30, -6, 107, -69, -56, -71, -107, -101, 18, 7, -45, -89, -125, 43, -31, 44, -77, -30, -26, 105, -112, 21, -108, 122, -80, -122, -45, -7, -110, -5, -105, -36, -9, -37, 93, 99, 58, -49, 85, -62, 83, -7, 20, 40, 76, 26, 62, 125, -18, 121, 91, 52, 94, -37, 42, -41, 123, -60, -106, -29, -72, 85, 61, 26, 105, -48, 48, -8, -120, 106, 50, 10, 17, 76, -58, 36, 71, -78, 43, -8, -96, 113, 38, -83, 76, 2, -48, 112, -8, 109, -71, -26, 62, 5, -77, -90, 6, -110, 95, -81, -94, 71, 15, -30, -115, 81, 107, 116, 120, -1, 106, -128, 88, 125, -49, 71, -41, -46, 107, -38, 57, 87, -74, 113, -79, -122, 81, 118, 56, 63, -115, 126, -51, 64, -43, -107, 82, -85, 39, -30, 43, 115, 53, 91, 28, -16, -123, 23, 6, 2, -102, 125, 61, 66, -66, 106, -87, 46, 95, -67, 70, -41, 55, -120, 95, 49, 55, 35, -67, -13, 87, -11, 49, 33, 54, -113, 16, -46, -40, -25, 28, 59, -94, -11, -94, 83, -53, 74, -54, 105, -107, 57, -115, 2, -28, -79, 50, 56, -120, -16, -96, -20, 107, -17, -108, -19, -55, 103, -33, 64, -97, 51, 86, -38, -102, -123, 88, -121, 13, -86, -16, -20, 121, -97, 72, 42, 103, -78, -79, 67, 126, 16, 22, 7, 72, -106, -28, -47, 90, -107, 90, 34, 79, -31, -117, 122, 36, 78, 88, 62, 120, -42, -70, -35, -62, -30, -64, -111, 45, 117, -97, -37, -125, -32, 99, 97, -80, 83, 92, 20, -99, -60, -45, 90, -27, -98, -98, 21, 60, -99, 57, -115, 38, 49, 19, 75, -121, 126, 1, -107, -21, 4, -92, 88, 24, -58, 60, 84, -127, 78, -99, 74, 32, 16, 62, 7, -71, -18, 21, -35, 120, 101, 32, -128, -66, -45, 63, -24, 76, -46, -37, -21, -108, 90, -8, -59, 51, -108, -45, -68, -22, 23, 58, -106, -66, -92, -60, -77, -112, -41, -27, -6, -9, 63, 105, -85, 29, -77, -26, 14, 51, 19, 52, -31, 66, -28, -2, -103, 104, 56, -116, -1, 116, -49, -51, -6, -118, -119, -64, -89, -13, -115, 20, 111, 19, 68, -100, 36, -39, 31, -64, -3, -86, 8, -125, -128, -62, -123, -16, -82, -11, 77, 89, -59, 72, 1, 84, 11, -45, -5, -43, -47, 103, -30, 111, -77, 32, 24, -46, 12, -6, -120, 3, -124, 95, -50, -105, -11, 9, -83, 23, 47, 120, 107, 59, -50, -43, -2, 37, 98, 63, 43, -115, 67, -122, -14, 125, 75, 74, -49, 2, 86, 38, -1, 76, -50, -30, -107, -56, 20, 57, 83, -18, -86, 112, -15, 66, 20, 74, -99, 42, -100, -122, 92, -68, 125, 120, -88, -71, -54, -54, 66, 47, 114, -11, 81, 65, 50, 106, -16, -55, -11, 50, 10, -66]
 
 
IC value for the above cipher text: 0.003946136650597832
 
 
 
 
====================================
Selected Mode : OFB
 
Cipher text in ASCII: 
[123, -16, 57, 69, -117, 95, -89, -38, 120, -111, -80, -91, 82, 63, 92, 106, -128, -108, -34, 22, -40, 96, -124, 102, -4, -42, 15, -4, 13, 16, 6, 104, -53, 35, -35, 52, -125, 7, 30, -65, -37, -125, -10, -48, -65, -109, 27, -60, 31, 71, 28, -69, 65, -17, -54, -28, -105, -116, 116, 94, 106, -116, -1, -107, 125, 122, 84, -83, 116, 77, -96, 92, 99, -119, -128, 12, 17, -53, 116, 28, -67, 118, 77, 49, -28, 65, -13, -10, -96, -104, -64, 120, -29, -48, 48, -112, 118, -120, 75, -9, 125, 64, 18, -40, -35, -11, -21, -97, -11, -67, 42, -75, 52, 55, 23, 72, 119, -23, 6, -116, -76, -44, 90, 84, -85, -109, -85, -50, 49, -28, 105, -62, -17, 8, 61, -81, 64, 94, 6, -42, -15, 27, 29, 126, -105, -116, -115, 117, -78, 21, -93, 114, -109, -57, -121, 60, 84, -91, 60, 36, 49, -87, 15, -15, -68, 81, 106, 91, -30, 91, 103, 49, 18, 11, 62, -35, 111, -49, 87, 115, 40, 30, -104, 46, -14, 72, 30, 116, 13, -72, 15, -49, -28, 34, 22, -47, 23, -44, -15, -83, 97, 3, -46, 60, -84, -54, -11, 41, 107, -113, 77, 121, -122, -83, 85, -21, 101, 109, 16, -4, -29, -74, -102, 118, 53, -18, 26, -56, 0, -93, -56, -75, 13, 56, -8, -92, -125, 15, 93, 106, 93, -87, 30, -120, 47, 127, 108, 122, 43, 113, -81, -77, 102, 10, -94, -60, -92, 41, -111, -66, -40, -41, 51, -10, 5, -60, -19, 52, -68, -14, 76, -86, -49, 46, -74, -42, -88, -128, -50, 60, 24, -78, 5, 82, 96, -49, -42, 82, 43, -124, 105, 109, -74, -108, -105, 35, -127, -71, -77, -34, -44, 75, -110, -94, 94, -76, -86, -85, -102, -124, 83, 94, 57, -1, -25, 99, 104, -105, -15, 31, 25, -106, 27, -61, 13, -31, -125, -26, 75, -71, 42, -48, -35, 56, -74, -21, 105, -17, -106, 18, 25, 15, 98, 38, 122, -19, 91, -59, 85, -89, 95, -59, 57, -127, -63, -60, -52, -48, 92, -42, -110, 121, -70, 98, 20, -107, -37, 91, 55, 26, 63, -20, -47, 16, -38, -8, -8, 15, -69, 68, -41, 118, -107, -79, -100, 37, -78, -122, 88, 37, -32, -85, -80, 50, 118, -66, 58, 72, 109, 0, 6, -120, -26, 3, -21, 10, -127, 78, -36, -121, 121, -70, -81, 108, -53, -18, 81, 80, 20, -101, -28, -15, -34, 6, -67, 97, -74, 43, -89, 60, 61, -78, 109, 11, 72, -103, -29, 58, -25, -113, 82, -96, 59, -93, 101, -69, -32, -79, -39, -128, 112, 106, 51, -114, 71, -112, 74, -2, 96, 98, -119, 34, -71, -37, -124, 58, 68, 64, -125, -78, 26, 126, -17, -120, 26, -35, 123, -104, 118, 80, -108, 86, -68, 102, -43, 21, 31, -62, -59, 17, -31, -87, 53, -55, -80, -54, 94, -27, -93, 42, -61, -104, -20, -46, -66, -81, -43, -77, 58, 22, -122, -52, 109, 96, -20, 112, 3, 91, 80, -9, -115, 20, 26, -90, -121, 43, 103, 97, -109, -89, 33, 34, 12, 24, -14, -84, -57, 55, 99, -12, -21, 118, -120, -111, -38, -18, -90, -23, 58, 0, -47, 101, -124, -92, -57, 113, 110, -120, 9, -34, -68, 64, -89, -25, 31, -126, 78, -39, -7, -20, 8, 68, -65, 46, 28, 121, -107, -116, -82, -116, 121, 118, -87, -47, -102, -72, -57, -28, 6, 71, 87, -89, -79, 81, 41, -12, 97, 75, -80, 2, -79, 3, 124, 69, -121, -113, -88, 40, -74, 123, 125, 23, -112, 83, 87, -26, -47, 29, -42, 107, 76, -107, -1, -71, 89, -8, 34, 98, 25, 109, 68, -35, 109, 127, 49, 122, 126, -56, 97, 94, -2, 46, -58, -31, -39, -83, -46, -52, 28, -61, 59, -33, -88, -122, 46, -88, 19, -7, 76, -41, 126, 42, 96, -57, -109, -51, 48, -76, -119, -47, 51, -37, -26, -79, 18, 64, 32, 34, -23, 14, 85, 40, -32, 126, -103, 127, -44, 107, -24, -52, -115, -97, 55, -39, 45, 79, 55, 91, -84, 51, 65, 57, -50, -50, 23, -13, 115, -31, -63, 121, -54, 36, 62, 119, -90, -85, 50, 6, -64, -49, -61, -102, 46, 90, 18, 127, -15, -81, -92, 43, 12, 15, 95, -32, -86, -73, -69, 40, -84, -6, 73, 124, 17, 107, -62, -10, 87, -124, 95, -44, -13, 44, 87, -70, -107, -80, -34, -47, -1, -82, 83, -19, 56, -57, 54, 40, 103, -69, -34, -24, -89, 0, 42, -56, 60, 39, 106, -65, 24, -25, 81, -64, -13, 54, -6, -10, 6, 68, -99, 69, 119, -39, 29, 9, 123, 2, 31, -106, 97, 14, 45, 12, 7, -96, -17, 31, -27, 39, 56, 34, 109, -38, -97, -44, 5, -7, 104, 7, 78, 47, -96, 23, -8, 85, 30, -125, 56, 96, -31, -124, 54, -123, 24, -24, 49, 27, -25, -14, -98, 38, 105, -87, -62, 60, -119, -66, 24, -98, 75, -16, -35, -10, 15, -35, 30, -124, -8, 58, -106, 48, -57, 81, 44, -1, -113, 85, 53, -74, 82, 68, -18, -79, -52, -21, -73, 52, -128, -20, -53, 51, -51, 112, 57, -2, 0, 30, -8, -31, 33, 102, -15, 61, -52, 78, -68, 0, -55, -12, -58, 94, 79, 5, -90, -120, -64, 122, 99, 5, 43, 52, 72, 90, -43, 88, -18, 77, -73, 107, -11, -64, 41, -64, 101, 74, 87, -56, -100, -96, -89, -54, 100, 121, 20, 107, -27, 117, -23, 17, 47, 81, 57, -120, -119, 33, 92, 40, -81, 34, -70, -4, -35, 125, 65, 26, -98, 104, 31, 103, 11, 115, -73, 74, -49, 53, -85, -102, 68, 97, 101, -61, 3, 63, 25, -40, 106, -68, 43, -21, 74, 48, 108, -22, 19, -99, -42, -10, 53, 86, 77, -32, -73, 35, -49, 70, 40, -111, 90, -121, 86, -14, 26, -116, -24, 79, 64, 96, -6, -23, -42, 15, -23, -52, 27, 3, 67, 0, -41, 127, 106, 121, -38, -26, 11, 106, 12, 36, 6, 27, 54, -78, 5, 81, -119, 48, -24, -1, -17, 92, 9, -16, 19, 75, 87, -4, 6, -63, 114, -110, 13, 12, -70, -34, 76, 75, -13, 49, -65, 51, -46, 33, -128, 39, 11, 1, -18, 17, 94, 28, -45, -13, 111, 55, -7, 99, 36, 32, -116, 89, 99, -41, 24, -105, -14, -25, -55, 99, 106, -108, -104, -123, 45, 7, -15, -89, 116, -43, -60, 57, -98, -80, -118, 2, -125, -125, 100, 7, 111, -57, 82, 98, 25, -36, -47, 74, -86, 122, -38, 48, 85, -47, 48, 107, 105, -16, 84, 32, -71, -43, -124, -128, 9, 96, 86, -93, 19, 2, 24, -104, -46, 65, -25, 72, 78, -33, -78, -90, -126, -65, -52, -49, -93, 58, -127, 50, -123, -84, 74, -117, -25, 120, -93, -110, 52, 100, 102, -78, -109, 61, 4, -7, 101, -124, -94, 106, 69, -47, -43, -120, -30, -113, -127, -55, 26, -26, 117, -107, 94, 125, 96, 41, 51, 85, 54, 4, -24, -17, 46, -69, 45, -28, 84, -12, 60, -75, -119, -90, -51, -94, -116, -61, 117, -59, 2, 120, -58, 0, -112, 72, -84, 99, -6, 78, -39, -29, 77, -37, 90, 32, 126, -1, 18, 73, -4, -55, 3, -85, 88, 110, 108, 66, -51, -108, 107, -90, -42, -100, 18, -37, 26, -86, 82, -94, 36, 62, -83, -8, 39, 63, -24, -98, -40, 65, -125, 111, -55, 97, 79, 117, -69, 19, 94, -51, 63, 44, -9, 99, -44, -29, 119, -105, -6, 0, -89, 59, 112, 67, -124, 102, 50, 93, -118, 44, -127, -79, 78, -82, -23, -57, 34, -51, -25, -15, 83, -58, -82, 26, -103, 115, 0, -46, 86, 42, 51, -16, 83, -103, -116, 1, -120, -73, -88, -59, -125, -15, 112, 12, -116, 46, -107, -46, -52, -15, -80, -60, 80, -11, 108, 33, 47, 1, 5, -79, -36, -8, 71, -18, 11, 28, -125, -99, -123, 72, 113, -92, -116, 62, 101, 87, 74, -54, 89, 75, 45, -56, -55, 69, 84, -75, 86, 67, -43, 74, -60, 31, -80, 122, 42, 60, 37, 33, -68, -114, 82, -115, 70, -27, 48, -16, -102, -78, -122, -45, -34, 27, -48, -90, -28, 101, -18, 116, -41, -50, -70, -16, 3, -70, 89, 0, -29, 117, 38, -59, 15, 90, 31, 80, -79, 7, -110, -6, 42, 39, 23, 90, -73, 96, 79, 29, 60, 102, 127, 74, -14, 16, 62, -34, 43, 2, -99, 54, 58, 17, -90, -101, 87, -15, -85, 4, 8, 15, -14, 114, -112, -72, -128, 95, -95, -83, -69, -37, 31, 24, -47, 118, -80, -43, -30, -109, -64, -4, -113, 67, 82, -116, 111, -99, -96, -80, -56, 66, -99, 121, -49, 103, 78, -39, 109, -13, -109, -87, 27, -24, -27, -70, 9, 52, -77, 65, 105, -66, 77, 97, -116, -18, -47, 11, 86, 113, 108, -82, -50, -96, -68, -39, 117, -111, -87, -116, -71, 55, 102, -24, -20, 21, -84, 121, -3, -82, -37, -79, -12, 26, 124, -43, 80, -97, -59, -29, 95, -22, 36, 50, -64, -109, 9, 114, -112, -38, -105, 22, 19, -64, -119, -56, 118, -102, -106, -115, 4, -81, 78, 86, -122, -11, -108, 70, -4, 43, -121, 48, -65, -43, -97, 82, 74, 25, -78, 91, -120, -43, 107, 100, 49, 97, -17, -69, -26, 108, 107, 97, -77, 76, 50, -108, -87, -18, 105, 108, 84, -101, -45, 96, -21, 104, 117, 114, -102, -46, -125, 51, -88, -89, 64, 2, 28, 122, -116, -31, -30, -104, 88, 67, 90, -77, 114, 100, -95, -30, -44, 116, -84, -115, 71, 43, 108, -3, -101, -123, 37, 15, 41, 94, -18, 68, 32, -113, -33, -40, 111, -46, 89, -101, -55, -36, 105, -25, 117, 118, -30, 58, -105, -85, 62, -45, 38, 118, 127, 45, 98, 69, 50, 111, -47, -46, -41, 79, 62, -91, 54, 84, -107, -2, -93, 57, 81, 57, 82, -99, -45, 0, 11, -44, 110, 87, 13, -1, 40, -117, 52, 119, 43, -22, -56, -8, 117, 64, -99, -90, 38, -16, 69, -31, -122, -74, -108, 85, 100, -81, -122, -115, -75, 24, 89, 12, 97, -28, 62, 108, 12, -90, 93, 85, 54, 109, 101, -62, -36, -6, -109, 123, -29, 35, 45, 3, -38, -29, 55, -72, -23, -56, -112, 88, -59, -110, 49, -7, -16, 50, -95, -43, 120, -120, 114, -83, 37, 66, -26, 88, -103, 53, -23, -59, 120, 34, -52, 19, -102, -124, 84, 89, 39, 119, -116, 109, -120, 98, 127, 107, -67, -89, 4, -41, -111, 32, 27, -18, 116, 68, -28, -1, -90, -30, 64, 65, -67, 83, 87, 46, -32, -26, -6, 44, 51, 103, -28, 116, -26, -118, 7, 74, 63, -93, -77, -51, 46, 64, 87, -84, -111, -39, -114, -118, -9, 3, -45, -52, -33, 12, -50, 14, -41, 26, -92, 109, -115, -75, 3, 87, 67, 38, 87, -35, -51, 94, -105, -47, -1, -98, 7, 24, -67, -29, 92, 89, -7, -127, 67, -7, 34, 62, 47, 52, -83, -112, -5, -128, 32, -28, -1, 104, -70, -79, 73, 104, -68, 80, -66, -86, 123, -106, -32, -4, 121, 79, 77, 83, 96, 97, 6, -65, -50, 110, 31, 2, 35, -75, 34, -52, 68, 8, -19, -11, -32, -58, -121, -123, 113, 110, -93, -105, -91, -22, 91, 8, -11, 87, 126, -125, -10, 7, 62, -16, -71, 94, 83, 44, -22, -52, 67, 23, -127, -53, -3, 6, -19, 39, -2, 113, -45, -13, -80, 102, 34, 98, 106, -11, -48, -64, -107, 94, 110, 84, -75, -12, -100, 89, 15, 110, -25, -3, -2, -61, -4, -106, 69, -14, -16, -25, 125, -27, 61, 106, 111, -74, 110, 106, -102, 100, 33, -97, 85, -58, 120, 21, 110, 58, 11, -15, 95, -77, 72, -36, -59, 9, -26, 57, 70, 98, -64, 57, 24, 28, 76, 72, 81, -76, 68, -51, 75, 113, 44, 29, 38, 74, -9, -59, -22, 74, -82, -1, 31, -35, 126, 101, 103, -22, 60, 6, 125, 99, 107, 55, -11, -68, 0, -14, -15, 76, -127, 101, 44, 73, -19, -41, 124, 111, 37, 26, -44, -103, 50, -51, 112, 40, -119, 9, 102, 119, -122, 107, 50, -112, 24, -56, 76, 123, 51, -67, -128, 51, -78, 7, 48, -13, 20, 92, -3, -32, -40, -41, 9, -120, -124, -73, 36, 109, -116, -102, 13, 3, 10, -114, -116, 69, 73, 125, 86, -12, -118, 41, 127, 126, -114, 62, -38, 101, 24, 34, -51, -114, 53, 71, 113, 81, 125, 21, -13, -41, 58, 78, 88, -41, 23, -28, 126, -104, 110, -47, 90, 20, -23, -55, 3, -26, -39, 116, 87, -29, -62, -47, 45, 25, -38, -105, 60, -77, -107, -8, 45, -22, 75, 60, 96, -71, -56, -92, -106, -117, 72, -47, 36, 42, -36, 35, 82, -119, -126, 30, 31, -116, 80, 49, -42, -73, -48, 118, 16, -64, 81, 62, -111, 66]
 
 
IC value for the above cipher text: 0.0038832549880566548
